# SAXS profile: number of points = 501, q_min = 0, q_max = 0.5, delta_q = 0.001
#    q    intensity    error
0.00000    4793044.50000000 1006.53936768
0.00100    4792527.00000000 1581.53393555
0.00200    4790919.50000000 2371.50512695
0.00300    4788283.00000000 3447.56372070
0.00400    4784602.50000000 4306.14257812
0.00500    4779854.50000000 5162.24316406
0.00600    4774130.50000000 5012.83691406
0.00700    4767317.00000000 5720.78076172
0.00800    4759512.50000000 7710.41064453
0.00900    4750636.50000000 9263.74121094
0.01000    4740708.00000000 9386.60253906
0.01100    4729809.50000000 9365.02343750
0.01200    4717900.50000000 13799.85937500
0.01300    4704993.00000000 14820.72851562
0.01400    4691101.50000000 13721.47265625
0.01500    4676239.50000000 15712.16503906
0.01600    4660381.50000000 13072.37109375
0.01700    4643562.50000000 13791.38085938
0.01800    4625838.50000000 15820.36816406
0.01900    4607146.50000000 13821.44042969
0.02000    4587525.00000000 26011.26757812
0.02100    4567001.50000000 21099.54882812
0.02200    4545565.50000000 15682.20214844
0.02300    4523238.50000000 21168.75781250
0.02400    4500074.50000000 21937.86328125
0.02500    4476013.50000000 24439.03320312
0.02600    4451130.00000000 25237.90820312
0.02700    4425433.50000000 24162.86718750
0.02800    4398952.50000000 21048.98828125
0.02900    4371711.50000000 23607.24218750
0.03000    4343632.50000000 22217.68164062
0.03100    4314833.50000000 28995.68164062
0.03200    4285317.00000000 23333.55273438
0.03300    4255069.50000000 23870.93945312
0.03400    4224127.00000000 22176.66796875
0.03500    4192550.75000000 22639.77343750
0.03600    4160284.00000000 25398.53515625
0.03700    4127378.00000000 25878.66015625
0.03800    4093867.00000000 28738.94726562
0.03900    4059768.25000000 29230.33203125
0.04000    4025077.75000000 39606.76953125
0.04100    3989859.25000000 30163.33593750
0.04200    3954101.00000000 25503.95312500
0.04300    3917830.50000000 25857.68164062
0.04400    3881064.25000000 31436.62304688
0.04500    3843855.50000000 34479.38671875
0.04600    3806180.25000000 40250.35937500
0.04700    3768094.00000000 35269.36328125
0.04800    3729603.00000000 32895.09765625
0.04900    3690727.75000000 27680.45898438
0.05000    3651500.00000000 41900.96484375
0.05100    3611934.00000000 50711.55468750
0.05200    3572044.25000000 28397.75195312
0.05300    3531887.25000000 28608.28906250
0.05400    3491438.00000000 31684.80078125
0.05500    3450738.00000000 40580.67968750
0.05600    3409807.50000000 32069.24023438
0.05700    3368671.00000000 35168.92578125
0.05800    3327366.75000000 44170.79687500
0.05900    3285880.25000000 35487.50781250
0.06000    3244243.50000000 35621.79687500
0.06100    3202475.25000000 44674.53125000
0.06200    3160632.50000000 47788.76562500
0.06300    3118685.25000000 29939.37890625
0.06400    3076665.50000000 29997.49023438
0.06500    3034610.25000000 39055.43750000
0.06600    2992526.00000000 33082.37500000
0.06700    2950434.75000000 36113.32031250
0.06800    2908358.50000000 39131.96484375
0.06900    2866302.75000000 54173.12500000
0.07000    2824294.00000000 33086.60546875
0.07100    2782347.25000000 33054.28515625
0.07200    2740482.75000000 30008.28710938
0.07300    2698729.25000000 38942.66796875
0.07400    2657072.75000000 47827.30859375
0.07500    2615554.50000000 47707.71484375
0.07600    2574195.25000000 38651.54296875
0.07700    2532990.75000000 50381.19140625
0.07800    2491959.50000000 32482.69335938
0.07900    2451115.00000000 32354.71875000
0.08000    2410494.25000000 32216.25781250
0.08100    2370064.25000000 43727.68359375
0.08200    2329876.75000000 34808.35937500
0.08300    2289951.25000000 54821.43750000
0.08400    2250275.75000000 34429.22265625
0.08500    2210869.50000000 28520.21679688
0.08600    2171744.00000000 39677.76562500
0.08700    2132899.00000000 30969.69531250
0.08800    2094380.87500000 27959.98632812
0.08900    2056163.00000000 33309.83984375
0.09000    2018271.75000000 41324.11718750
0.09100    1980718.00000000 27333.91015625
0.09200    1943503.87500000 32534.25781250
0.09300    1906641.87500000 32260.38085938
0.09400    1870140.50000000 31979.40429688
0.09500    1834004.00000000 39614.48828125
0.09600    1798236.87500000 36630.08593750
0.09700    1762864.62500000 33688.34375000
0.09800    1727862.25000000 25658.75585938
0.09900    1693271.12500000 40638.51171875
0.10000    1659065.25000000 27648.32226562
0.10100    1625265.25000000 37299.83984375
0.10200    1591883.25000000 44270.27734375
0.10300    1558910.37500000 34046.60546875
0.10400    1526354.00000000 26444.08398438
0.10500    1494229.37500000 28509.89843750
0.10600    1462524.37500000 37557.62890625
0.10700    1431253.87500000 37098.10156250
0.10800    1400410.12500000 27476.04687500
0.10900    1370002.62500000 29386.55664062
0.11000    1340023.87500000 29004.81835938
0.11100    1310492.00000000 22016.26757812
0.11200    1281392.12500000 26063.51757812
0.11300    1252733.25000000 23563.91406250
0.11400    1224521.87500000 27459.90429688
0.11500    1196749.75000000 22905.79101562
0.11600    1169419.62500000 24627.97851562
0.11700    1142529.50000000 22245.05078125
0.11800    1116081.25000000 21914.25781250
0.11900    1090069.62500000 21583.37890625
0.12000    1064499.50000000 23184.80078125
0.12100    1039378.81250000 20922.69726562
0.12200    1014688.62500000 26209.40820312
0.12300    990433.62500000 29475.30468750
0.12400    966608.56250000 23561.08398438
0.12500    943219.75000000 23174.91015625
0.12600    920264.31250000 24543.44921875
0.12700    897726.81250000 18959.99023438
0.12800    875623.93750000 20331.98828125
0.12900    853938.25000000 16651.79687500
0.13000    832675.43750000 21270.69531250
0.13100    811823.18750000 17681.50976562
0.13200    791384.81250000 20524.56445312
0.13300    771365.62500000 20155.78320312
0.13400    751739.50000000 15222.72558594
0.13500    732524.81250000 22415.25976562
0.13600    713697.37500000 21999.72265625
0.13700    695273.81250000 17270.60351562
0.13800    677241.06250000 14120.47753906
0.13900    659594.00000000 26317.80273438
0.14000    642324.93750000 16302.20703125
0.14100    625436.25000000 15986.15039062
0.14200    608918.12500000 20898.07031250
0.14300    592771.68750000 15364.64257812
0.14400    576985.50000000 13804.37890625
0.14500    561562.68750000 13528.04589844
0.14600    546494.81250000 19280.33789062
0.14700    531781.62500000 12986.10742188
0.14800    517408.96875000 18502.54492188
0.14900    503375.34375000 14723.72949219
0.15000    489675.65625000 13309.38476562
0.15100    476314.00000000 14117.94726562
0.15200    463275.43750000 12758.60644531
0.15300    450557.31250000 15611.81250000
0.15400    438154.43750000 16299.34667969
0.15500    426063.87500000 10966.88378906
0.15600    414277.84375000 11707.49218750
0.15700    402793.78125000 13364.69824219
0.15800    391604.75000000 9339.77343750
0.15900    380710.43750000 10050.75585938
0.16000    370095.18750000 10725.35937500
0.16100    359770.03125000 11365.13574219
0.16200    349713.37500000 11115.63964844
0.16300    339927.00000000 9198.42480469
0.16400    330412.37500000 8177.70654297
0.16500    321153.25000000 11195.40234375
0.16600    312154.68750000 7819.47509766
0.16700    303406.31250000 16056.26269531
0.16800    294900.65625000 11213.59863281
0.16900    286640.53125000 9502.13476562
0.17000    278615.03125000 8575.77050781
0.17100    270822.68750000 9083.39355469
0.17200    263255.09375000 8880.91113281
0.17300    255912.32812500 10018.96777344
0.17400    248787.87500000 6530.68212891
0.17500    241876.07812500 8301.18750000
0.17600    235171.07812500 8116.93017578
0.17700    228672.98437500 7326.68261719
0.17800    222369.81250000 6567.69238281
0.17900    216266.17187500 8174.86132812
0.18000    210352.65625000 6282.18212891
0.18100    204627.39062500 8379.49218750
0.18200    199079.84375000 5464.74218750
0.18300    193712.12500000 6950.39160156
0.18400    188516.46875000 8893.26562500
0.18500    183493.40625000 8191.14599609
0.18600    178632.18750000 5511.69628906
0.18700    173934.78125000 6376.44921875
0.18800    169392.21875000 4802.26953125
0.18900    165006.59375000 5172.95703125
0.19000    160764.60937500 5527.08740234
0.19100    156673.78125000 6768.30810547
0.19200    152721.03125000 6631.91064453
0.19300    148909.92187500 4766.60693359
0.19400    145230.67187500 4247.99707031
0.19500    141681.78125000 4165.44433594
0.19600    138261.01562500 5311.29736328
0.19700    134963.90625000 4409.27099609
0.19800    131788.35937500 3933.88281250
0.19900    128729.03906250 4634.24560547
0.20000    125781.56250000 4171.54541016
0.20100    122946.51562500 4097.80761719
0.20200    120216.85156250 4392.72412109
0.20300    117592.09375000 4317.98193359
0.20400    115067.71875000 3892.16577148
0.20500    112641.25781250 3480.61499023
0.20600    110307.77343750 5137.58496094
0.20700    108067.62500000 5731.90722656
0.20800    105915.84375000 4316.60009766
0.20900    103853.65625000 3271.39038086
0.21000    101869.80468750 4513.85107422
0.21100    99969.16406250  3496.92163086
0.21200    98145.42968750  3762.89599609
0.21300    96396.31250000  4332.05078125
0.21400    94721.25000000  3971.18872070
0.21500    93117.23437500  3318.69824219
0.21600    91579.03125000  4173.25634766
0.21700    90107.81250000  3830.48315430
0.21800    88698.28906250  3496.48681641
0.21900    87348.91406250  3170.76586914
0.22000    86057.90625000  2852.81982422
0.22100    84825.54687500  3389.62915039
0.22200    83647.07812500  3357.59399414
0.22300    82518.89062500  2772.63476562
0.22400    81440.63281250  3848.07006836
0.22500    80412.17187500  3271.16723633
0.22600    79428.07031250  3245.43115234
0.22700    78489.89843750  3221.22558594
0.22800    77593.18750000  2931.85888672
0.22900    76737.03906250  2912.17089844
0.23000    75919.72656250  3419.80419922
0.23100    75140.24218750  3399.34472656
0.23200    74394.06250000  2860.07983398
0.23300    73683.67187500  4138.07519531
0.23400    73005.39062500  2830.78417969
0.23500    72355.43750000  2561.38256836
0.23600    71737.34375000  3060.31518555
0.23700    71145.64843750  4317.82958984
0.23800    70581.35937500  3542.47851562
0.23900    70041.39062500  3782.23510742
0.24000    69524.70312500  2764.64990234
0.24100    69032.43750000  3007.05322266
0.24200    68560.28906250  2998.82714844
0.24300    68107.67187500  3489.83740234
0.24400    67674.35156250  3730.54882812
0.24500    67258.78906250  2730.03417969
0.24600    66860.11718750  2972.60083008
0.24700    66476.77343750  2720.22973633
0.24800    66108.51562500  2716.06860352
0.24900    65752.67187500  2958.87036133
0.25000    65410.89453125  2708.99218750
0.25100    65079.36328125  3936.00024414
0.25200    64761.09375000  2949.22021484
0.25300    64451.73828125  3683.41723633
0.25400    64152.71875000  2699.22583008
0.25500    63860.68359375  2697.47558594
0.25600    63577.50000000  3676.36914062
0.25700    63300.80468750  2939.68945312
0.25800    63031.42968750  3183.40258789
0.25900    62767.48828125  2692.72534180
0.26000    62508.93750000  2936.67016602
0.26100    62254.24218750  2446.59179688
0.26200    62004.82031250  2935.30834961
0.26300    61757.12890625  2690.14062500
0.26400    61513.65625000  2934.20141602
0.26500    61273.29687500  3911.68750000
0.26600    61033.98046875  2444.41088867
0.26700    60797.51171875  2444.06005859
0.26800    60562.79687500  2443.70898438
0.26900    60327.16015625  2443.25024414
0.27000    60093.94140625  2931.38256836
0.27100    59859.37109375  2930.71508789
0.27200    59627.66796875  3662.62963867
0.27300    59393.03125000  2441.05371094
0.27400    59156.67187500  3416.29809570
0.27500    58922.88281250  2439.40747070
0.27600    58685.23828125  3413.72070312
0.27700    58448.22265625  2437.29101562
0.27800    58208.96484375  2679.64990234
0.27900    57968.09765625  2921.59228516
0.28000    57726.31640625  2919.79711914
0.28100    57482.04687500  2917.78881836
0.28200    57236.08593750  3158.57348633
0.28300    56988.64843750  3641.57495117
0.28400    56738.25781250  3153.22875977
0.28500    56486.32421875  2907.91625977
0.28600    56231.75390625  2662.85473633
0.28700    55974.96875000  2418.11865234
0.28800    55716.41015625  2656.83715820
0.28900    55455.76171875  3859.72119141
0.29000    55192.26171875  2650.05664062
0.29100    54927.67968750  2405.83251953
0.29200    54660.58984375  2642.56640625
0.29300    54391.27734375  3118.25195312
0.29400    54119.44921875  2394.78564453
0.29500    53846.75000000  2868.95507812
0.29600    53571.37500000  3102.58618164
0.29700    53293.60937500  2382.22460938
0.29800    53015.31640625  2615.51074219
0.29900    52735.50390625  2373.09790039
0.30000    52453.75000000  2605.11547852
0.30100    52171.10937500  3072.35693359
0.30200    51886.25000000  3065.69921875
0.30300    51601.67578125  4000.16186523
0.30400    51315.44140625  3521.52246094
0.30500    51028.00781250  2576.40405273
0.30600    50740.35546875  3037.57153320
0.30700    50452.86718750  2330.92260742
0.30800    50164.02343750  3022.63354492
0.30900    49875.94140625  2551.15454102
0.31000    49586.98046875  4163.81884766
0.31100    49298.83203125  2999.34106445
0.31200    49010.80859375  2301.05761719
0.31300    48723.33984375  2294.86938477
0.31400    48436.92187500  2746.37353516
0.31500    48150.40234375  2510.56225586
0.31600    47865.54687500  2276.00683594
0.31700    47582.22265625  2496.63916016
0.31800    47299.32031250  2263.27270508
0.31900    47019.26171875  2482.61694336
0.32000    46740.31250000  3375.81933594
0.32100    46463.01953125  3815.07861328
0.32200    46188.52734375  3356.75146484
0.32300    45915.00781250  4016.64501953
0.32400    45644.46484375  2225.16772461
0.32500    45376.35546875  2662.68457031
0.32600    45110.72265625  2212.68090820
0.32700    44847.95312500  3530.43115234
0.32800    44589.11328125  2420.52001953
0.32900    44332.01171875  2413.87817383
0.33000    44079.18359375  2845.09106445
0.33100    43828.07421875  3055.69360352
0.33200    43582.51953125  3047.72583008
0.33300    43339.52734375  2605.57250977
0.33400    43100.58984375  2815.54614258
0.33500    42865.16406250  2808.52563477
0.33600    42633.60546875  2801.66748047
0.33700    42405.37109375  2149.95239258
0.33800    42182.70312500  3002.98681641
0.33900    41963.14453125  2354.13256836
0.34000    41747.51171875  2989.53930664
0.34100    41536.31640625  2770.05712891
0.34200    41331.39062500  2977.10009766
0.34300    41128.20703125  2122.21557617
0.34400    40931.36328125  2330.01782227
0.34500    40738.67578125  2114.33740234
0.34600    40551.00390625  2954.95190430
0.34700    40366.96484375  3160.73339844
0.34800    40187.68750000  2734.97314453
0.34900    40013.11718750  2100.68872070
0.35000    39843.11328125  2307.51416016
0.35100    39678.41796875  2095.02050781
0.35200    39517.06640625  2929.40039062
0.35300    39361.08203125  2299.08081055
0.35400    39209.56250000  2296.70019531
0.35500    39062.42968750  2294.52734375
0.35600    38919.88671875  2292.57592773
0.35700    38782.02734375  3123.89257812
0.35800    38648.51953125  2497.46728516
0.35900    38519.57421875  2496.06860352
0.36000    38395.38281250  2494.93212891
0.36100    38275.37890625  2494.02392578
0.36200    38159.87500000  2077.80541992
0.36300    38047.92187500  2492.89990234
0.36400    37939.95703125  2492.65527344
0.36500    37835.77734375  2284.90258789
0.36600    37736.96484375  3116.13012695
0.36700    37640.53515625  2493.30908203
0.36800    37549.36328125  2909.70043945
0.36900    37462.43359375  2494.99829102
0.37000    37377.09375000  2496.04223633
0.37100    37295.61328125  2289.20483398
0.37200    37218.94921875  2707.12036133
0.37300    37144.51953125  2708.94995117
0.37400    37074.44531250  2919.61254883
0.37500    37007.76171875  2922.13305664
0.37600    36943.54687500  2924.82080078
0.37700    36882.08984375  2300.33593750
0.37800    36824.44531250  3558.89868164
0.37900    36769.76171875  2305.46411133
0.38000    36717.16796875  2518.06347656
0.38100    36667.50000000  2521.25732422
0.38200    36620.05468750  2734.96899414
0.38300    36575.41796875  2317.41870117
0.38400    36533.84375000  2953.76123047
0.38500    36493.32421875  3380.74169922
0.38600    36456.80468750  2751.21289062
0.38700    36420.63281250  2967.55346680
0.38800    36387.26562500  2972.47583008
0.38900    36355.54296875  2339.47924805
0.39000    36326.76953125  2130.56518555
0.39100    36299.45703125  2774.73071289
0.39200    36274.05078125  2566.02636719
0.39300    36249.68359375  2999.29882812
0.39400    36228.36328125  2361.18383789
0.39500    36207.64062500  2580.88061523
0.39600    36188.00000000  2154.99560547
0.39700    36170.51562500  2591.25585938
0.39800    36154.60937500  2596.62426758
0.39900    36139.73828125  2818.89965820
0.40000    36127.10156250  2607.65429688
0.40100    36114.12109375  2830.98608398
0.40200    36103.96875000  2400.73339844
0.40300    36093.90625000  2624.74902344
0.40400    36085.47656250  2630.63134766
0.40500    36078.47656250  2197.17944336
0.40600    36073.39843750  3083.19360352
0.40700    36068.05468750  3311.04736328
0.40800    36064.46484375  3097.57714844
0.40900    36061.75000000  4213.81542969
0.41000    36060.68750000  2667.76977539
0.41100    36060.48437500  2674.24560547
0.41200    36060.85156250  2680.76391602
0.41300    36062.98828125  2687.41406250
0.41400    36066.38281250  2918.67236328
0.41500    36070.62500000  2475.88793945
0.41600    36074.81250000  2256.47949219
0.41700    36081.88281250  2941.03442383
0.41800    36090.00781250  2948.73413086
0.41900    36097.44921875  3411.20922852
0.42000    36107.70312500  2508.22167969
0.42100    36118.59375000  2514.93798828
0.42200    36131.50781250  2292.54418945
0.42300    36144.39843750  3448.17578125
0.42400    36158.89062500  2535.64233398
0.42500    36174.70312500  2773.87622070
0.42600    36191.41406250  3708.89648438
0.42700    36210.02734375  2789.62060547
0.42800    36229.68359375  2331.38037109
0.42900    36250.98046875  2572.00708008
0.43000    36273.31250000  3283.09765625
0.43100    36296.40234375  3057.60913086
0.43200    36321.55859375  3066.81079102
0.43300    36348.00781250  3076.13208008
0.43400    36375.98828125  3322.94653320
0.43500    36405.10156250  2857.07250977
0.43600    36437.12500000  2388.45361328
0.43700    36468.66015625  2635.59008789
0.43800    36501.83593750  2644.01074219
0.43900    36537.17578125  2893.74438477
0.44000    36573.98828125  2661.30639648
0.44100    36612.28125000  3155.61254883
0.44200    36652.55078125  2435.56225586
0.44300    36693.53515625  2932.54736328
0.44400    36736.67187500  3187.82495117
0.44500    36779.93359375  3690.86645508
0.44600    36825.90234375  2963.01220703
0.44700    36873.45703125  3716.84472656
0.44800    36922.08203125  2486.70239258
0.44900    36972.48046875  2994.77124023
0.45000    37024.68359375  3757.07983398
0.45100    37077.29296875  3016.60888672
0.45200    37132.20703125  4037.01367188
0.45300    37188.35937500  3798.79101562
0.45400    37245.82031250  3813.04101562
0.45500    37304.45703125  4337.76220703
0.45600    37364.55078125  4098.14404297
0.45700    37425.97656250  3342.51416016
0.45800    37488.63671875  2839.20214844
0.45900    37552.08593750  3109.31274414
0.46000    37618.34765625  3381.70141602
0.46100    37683.80859375  3656.08325195
0.46200    37751.83203125  2884.05126953
0.46300    37819.42578125  3158.67871094
0.46400    37888.98437500  3699.85937500
0.46500    37959.40625000  2653.36279297
0.46600    38030.68750000  3196.85961914
0.46700    38102.14453125  3209.72460938
0.46800    38175.77343750  4297.06542969
0.46900    38248.59375000  3505.48364258
0.47000    38322.48046875  2978.23168945
0.47100    38397.56250000  3262.25708008
0.47200    38473.07421875  4094.49731445
0.47300    38548.77734375  3288.98193359
0.47400    38624.72656250  3302.41430664
0.47500    38701.12890625  3315.91284180
0.47600    38778.46484375  4716.81884766
0.47700    38854.61718750  3900.22680664
0.47800    38931.72265625  4475.59082031
0.47900    39009.27734375  3089.53491211
0.48000    39085.79296875  5076.07226562
0.48100    39163.87109375  3397.85766602
0.48200    39239.58593750  3695.78051758
0.48300    39315.71875000  3710.61767578
0.48400    39392.32421875  3438.95019531
0.48500    39468.05468750  3740.38769531
0.48600    39543.76171875  4044.14086914
0.48700    39619.07421875  3190.12792969
0.48800    39692.62109375  4658.32617188
0.48900    39766.16015625  4384.21923828
0.49000    39839.19140625  4694.65039062
0.49100    39911.73437500  2945.48608398
0.49200    39982.78906250  3843.74560547
0.49300    40053.64843750  2967.97558594
0.49400    40122.85546875  3277.03442383
0.49500    40191.25000000  2990.22924805
0.49600    40259.29687500  4201.86279297
0.49700    40325.15625000  3012.28930664
0.49800    40390.50781250  3930.19848633
0.49900    40454.30468750  4247.70214844
0.50000    40517.42968750  5480.79248047
